0 1 0.0200831
0 2 0.0200831
0 3 0.0221607
1 0 0.0200831
1 2 0.0200831
1 3 0.0221607
2 0 0.0200831
2 1 0.0200831
2 5 0.015928
3 0 0.0221607
3 1 0.0221607
4 5 0.015928
4 6 0.0200831
4 11 0.0200831
5 2 0.015928
5 4 0.015928
5 6 0.015928
5 8 0.0124654
5 11 0.015928
6 4 0.0200831
6 5 0.015928
6 11 0.0200831
7 8 0.0180055
7 9 0.0200831
7 10 0.0200831
8 5 0.0124654
8 7 0.0180055
8 9 0.0180055
8 10 0.0180055
9 7 0.0200831
9 8 0.0180055
9 10 0.0200831
10 7 0.0200831
10 8 0.0180055
10 9 0.0200831
11 4 0.0200831
11 5 0.015928
11 6 0.0200831
