1 2 0.000493097
1 3 -0.000164366
1 4 0.00246548
1 5 0.00443787
1 6 0.00378041
1 7 0.00378041
1 8 0.00378041
1 9 0.00312295
1 11 0.00443787
1 12 0.00575279
1 13 0.00509533
1 14 0.00312295
1 18 0.00509533
1 20 0.00443787
1 22 0.00509533
1 32 0.00246548
2 1 0.000493097
2 3 0.00271203
2 4 0.00419132
2 8 0.00493097
2 14 0.00456114
2 18 0.00567061
2 20 0.00530079
2 22 0.00567061
2 31 0.00493097
3 1 -0.000164366
3 2 0.00271203
3 4 0.00394477
3 8 0.0047666
3 9 0.00435569
3 10 0.00558843
3 14 0.00435569
3 28 0.0047666
3 29 0.00517751
3 33 0.00147929
4 1 0.00246548
4 2 0.00419132
4 3 0.00394477
4 8 0.00542406
4 13 0.00591716
4 14 0.00517751
5 1 0.00443787
5 7 0.00591716
5 11 0.00604043
6 1 0.00378041
6 7 0.00575279
6 11 0.00591716
6 17 0.00608153
7 1 0.00378041
7 5 0.00591716
7 6 0.00575279
7 17 0.00608153
8 1 0.00378041
8 2 0.00493097
8 3 0.0047666
8 4 0.00542406
9 1 0.00312295
9 3 0.00435569
9 31 0.00558843
9 33 0.00394477
9 34 0.00291749
10 3 0.00558843
10 34 0.00501315
11 1 0.00443787
11 5 0.00604043
11 6 0.00591716
12 1 0.00575279
13 1 0.00509533
13 4 0.00591716
14 1 0.00312295
14 2 0.00456114
14 3 0.00435569
14 4 0.00517751
14 34 0.00291749
15 33 0.00542406
15 34 0.00501315
16 33 0.00542406
16 34 0.00501315
17 6 0.00608153
17 7 0.00608153
18 1 0.00509533
18 2 0.00567061
19 33 0.00542406
19 34 0.00501315
20 1 0.00443787
20 2 0.00530079
20 34 0.0043146
21 33 0.00542406
21 34 0.00501315
22 1 0.00509533
22 2 0.00567061
23 33 0.00542406
23 34 0.00501315
24 26 0.00579389
24 28 0.00558843
24 30 0.00558843
24 33 0.00394477
24 34 0.00291749
25 26 0.00604043
25 28 0.00591716
25 32 0.00567061
26 24 0.00579389
26 25 0.00604043
26 32 0.00567061
27 30 0.00608153
27 34 0.00501315
28 3 0.0047666
28 24 0.00558843
28 25 0.00591716
28 34 0.00361604
29 3 0.00517751
29 32 0.00567061
29 34 0.0043146
30 24 0.00558843
30 27 0.00608153
30 33 0.00443787
30 34 0.00361604
31 2 0.00493097
31 9 0.00558843
31 33 0.00443787
31 34 0.00361604
32 1 0.00246548
32 25 0.00567061
32 26 0.00567061
32 29 0.00567061
32 33 0.00345168
32 34 0.00221893
33 3 0.00147929
33 9 0.00394477
33 15 0.00542406
33 16 0.00542406
33 19 0.00542406
33 21 0.00542406
33 23 0.00542406
33 24 0.00394477
33 30 0.00443787
33 31 0.00443787
33 32 0.00345168
33 34 -0.00197239
34 9 0.00291749
34 10 0.00501315
34 14 0.00291749
34 15 0.00501315
34 16 0.00501315
34 19 0.00501315
34 20 0.0043146
34 21 0.00501315
34 23 0.00501315
34 24 0.00291749
34 27 0.00501315
34 28 0.00361604
34 29 0.0043146
34 30 0.00361604
34 31 0.00361604
34 32 0.00221893
34 33 -0.00197239
